CONV NORM
# 11x11 convolution mask of a gaussian PSF with FWHM = 6.0 pixels.
    0.0212623    0.0425247    0.0729080     0.107155     0.135007     0.145816     0.135007     0.107155    0.0729080    0.0425247    0.0212623
    0.0425247    0.0850494     0.145816     0.214311     0.270015     0.291632     0.270015     0.214311     0.145816    0.0850494    0.0425247
    0.0729080     0.145816     0.250000     0.367434     0.462937     0.500000     0.462937     0.367434     0.250000     0.145816    0.0729080
     0.107155     0.214311     0.367434     0.540030     0.680395     0.734867     0.680395     0.540030     0.367434     0.214311     0.107155
     0.135007     0.270015     0.462937     0.680395     0.857244     0.925875     0.857244     0.680395     0.462937     0.270015     0.135007
     0.145816     0.291632     0.500000     0.734867     0.925875      1.00000     0.925875     0.734867     0.500000     0.291632     0.145816
     0.135007     0.270015     0.462937     0.680395     0.857244     0.925875     0.857244     0.680395     0.462937     0.270015     0.135007
     0.107155     0.214311     0.367434     0.540030     0.680395     0.734867     0.680395     0.540030     0.367434     0.214311     0.107155
    0.0729080     0.145816     0.250000     0.367434     0.462937     0.500000     0.462937     0.367434     0.250000     0.145816    0.0729080
    0.0425247    0.0850494     0.145816     0.214311     0.270015     0.291632     0.270015     0.214311     0.145816    0.0850494    0.0425247
    0.0212623    0.0425247    0.0729080     0.107155     0.135007     0.145816     0.135007     0.107155    0.0729080    0.0425247    0.0212623
