CONV NORM
#13x13 convolution mask of a gaussian PSF with FWHM = 7.0 pixels.
    0.0170091    0.0316952    0.0527422    0.0783747     0.104003     0.123244     0.130419     0.123244     0.104003    0.0783747    0.0527422    0.0316952    0.0170091
    0.0316952    0.0590617    0.0982813     0.146046     0.193802     0.229657     0.243026     0.229657     0.193802     0.146046    0.0982813    0.0590617    0.0316952
    0.0527422    0.0982813     0.163544     0.243026     0.322495     0.382159     0.404406     0.382159     0.322495     0.243026     0.163544    0.0982813    0.0527422
    0.0783747     0.146046     0.243026     0.361136     0.479225     0.567886     0.600946     0.567886     0.479225     0.361136     0.243026     0.146046    0.0783747
     0.104003     0.193802     0.322495     0.479225     0.635930     0.753582     0.797452     0.753582     0.635930     0.479225     0.322495     0.193802     0.104003
     0.123244     0.229657     0.382159     0.567886     0.753582     0.893002     0.944988     0.893002     0.753582     0.567886     0.382159     0.229657     0.123244
     0.130419     0.243026     0.404406     0.600946     0.797452     0.944988      1.00000     0.944988     0.797452     0.600946     0.404406     0.243026     0.130419
     0.123244     0.229657     0.382159     0.567886     0.753582     0.893002     0.944988     0.893002     0.753582     0.567886     0.382159     0.229657     0.123244
     0.104003     0.193802     0.322495     0.479225     0.635930     0.753582     0.797452     0.753582     0.635930     0.479225     0.322495     0.193802     0.104003
    0.0783747     0.146046     0.243026     0.361136     0.479225     0.567886     0.600946     0.567886     0.479225     0.361136     0.243026     0.146046    0.0783747
    0.0527422    0.0982813     0.163544     0.243026     0.322495     0.382159     0.404406     0.382159     0.322495     0.243026     0.163544    0.0982813    0.0527422
    0.0316952    0.0590617    0.0982813     0.146046     0.193802     0.229657     0.243026     0.229657     0.193802     0.146046    0.0982813    0.0590617    0.0316952
    0.0170091    0.0316952    0.0527422    0.0783747     0.104003     0.123244     0.130419     0.123244     0.104003    0.0783747    0.0527422    0.0316952    0.0170091
